58274.0 18.2687416000 0.0401789434
58280.0 18.3436489000 0.0424462035
58283.0 18.2764473000 0.0404054672
58290.0 18.2530746000 0.0397230498
58300.0 18.2830658000 0.0406012423
58305.0 18.2676697000 0.0401475653
58312.0 18.2558670000 0.0398038365
58315.0 18.2245426000 0.0389085934
58322.0 18.2158451000 0.0386643261
58325.0 18.2434711000 0.0394466445
58333.0 18.2510052000 0.0396632925
58336.0 18.2641048000 0.0400433950
58343.0 18.2952957000 0.0409659967
58345.0 18.2947521000 0.0409497023
58347.0 18.2583904000 0.0398770384
58348.0 18.2210236000 0.0388095379
58349.0 18.2722788000 0.0284997007
58352.0 18.3492565000 0.0426218733
58353.0 18.2637119000 0.0400319137
58354.0 18.3489789500 0.0301368949
58355.0 18.3001467667 0.0237395306
58356.0 18.2519989000 0.0396919884
58360.0 18.2034454000 0.0383192748
58361.0 18.2791023000 0.0404838994
58362.0 18.2456894000 0.0395102911
58363.0 18.2815532500 0.0286802191
58364.0 18.2480335000 0.0395776629
58366.0 18.2410755500 0.0278456589
58367.0 18.2897911000 0.0408013463
58368.0 18.3388062000 0.0422951803
58369.0 18.3133488000 0.0293798707
58370.0 18.2799034000 0.0405075848
58371.0 18.2065125000 0.0384042785
58372.0 18.2601986000 0.0282372703
58373.0 18.2169476000 0.0386951528
58374.0 18.2144604000 0.0386255980
58375.0 18.3338699000 0.0421418659
58376.0 18.1117935000 0.0358826704
58377.0 18.2544613000 0.0397631451
58378.0 18.2614727000 0.0282665816
58379.0 18.2645741000 0.0400570668
58380.0 18.1867485000 0.0378605723
58382.0 18.3101129500 0.0292960887
58383.0 18.2435951000 0.0394501984
58387.0 18.1101694000 0.0254255524
58388.0 18.3624744000 0.0430393107
58389.0 18.3725853000 0.0433618352
58390.0 18.2956810000 0.0289838921
58397.0 18.2364864000 0.0392470658
58426.0 18.2931080000 0.0289414456
58428.0 18.2505226000 0.0396493673
58429.0 18.2747383000 0.0285484350
58430.0 18.2785721000 0.0404682159
58431.0 18.0372849000 0.0340432785
58432.0 18.2617397500 0.0282783609
58434.0 18.1734161000 0.0374991037
58435.0 17.9065113000 0.0311002396
58456.0 18.1061516000 0.0357390493
58471.0 18.2793999000 0.0404926762
58473.0 18.3506107000 0.0426644273
58474.0 18.3746929000 0.0434294082
58475.0 18.2476025000 0.0395652875
58482.0 18.0461864000 0.0342566334
58510.0 18.1256319667 0.0209655403
58511.0 18.1942296250 0.0190515849
58514.0 18.2979920667 0.0237194136
58654.0 18.2495689000 0.0396218784
58662.0 18.2971230000 0.0410207883
58667.0 18.2253761000 0.0389320925
58670.0 18.2920532000 0.0408689231
58673.0 18.2532349000 0.0397276655
58681.0 18.2640285000 0.0400411673
58682.0 18.4267635000 0.0451378897
58688.0 18.2874184000 0.0407306328
58690.0 18.2370491000 0.0392630994
58691.0 18.2497673000 0.0280294275
58694.0 18.2368088000 0.0392562374
58695.0 18.2434807000 0.0394469164
58696.0 18.2207546000 0.0388019681
58697.0 18.3703308000 0.0432896838
58699.0 18.2401428000 0.0393513888
58700.0 18.2096252000 0.0384907685
58703.0 18.2126007000 0.0385736711
58707.0 18.2453050500 0.0279547098
58710.0 18.3353596000 0.0298323080
58711.0 18.3136024000 0.0415191576
58715.0 18.3372326000 0.0422462411
58716.0 18.2695389000 0.0402023196
58724.0 18.2790031000 0.0404809378
58728.0 18.2277031000 0.0389978103
58735.0 18.0800171000 0.0350831561
58738.0 18.3700409000 0.0432803892
58743.0 18.2435417000 0.0394486599
58749.0 18.1701717000 0.0374117643
58757.0 18.2577801000 0.0398593172
58760.0 18.3583088000 0.0429072641
58764.0 18.2703953000 0.0402274616
58770.0 18.3326645000 0.0421045348
58777.0 18.1948223000 0.0380815156
58781.0 18.1584873000 0.0370993316
58785.0 18.2627373000 0.0400035121
58791.0 18.3755531000 0.0434569977
58800.0 18.3345127000 0.0421617851
58803.0 18.3396683000 0.0423220173
58812.0 18.2749767000 0.0403621420
58830.0 18.2358761000 0.0392296836
58833.0 18.2000904000 0.0382265784
58852.0 18.2797852000 0.0405040644
58856.0 18.2424469000 0.0394173078
58860.0 18.2252903000 0.0389296748
58863.0 18.1706009000 0.0374233015
58873.0 18.1988907000 0.0381934680
58874.0 18.2306690000 0.0390817672
58878.0 17.8124962000 0.0291927662
59044.0 18.2101650000 0.0385058001
59047.0 18.2419586000 0.0394033156
59050.0 18.1870003000 0.0378674343
59055.0 18.2361832000 0.0392384119
59061.0 18.2685337000 0.0401728675
59064.0 18.2742786000 0.0403415710
59076.0 18.2746754000 0.0403532609
59079.0 18.2208786000 0.0388054550
59082.0 18.1827946000 0.0377529189
59086.0 18.1979580000 0.0381677784
59088.0 18.2183361000 0.0387340747
59098.0 18.3307915000 0.0420466028
59106.0 18.3610821000 0.0429951176
59108.0 18.2754917000 0.0403773226
59109.0 18.1467857000 0.0367896743
59110.0 18.2832527000 0.0406067967
59113.0 18.2391071000 0.0393217951
59114.0 18.3041210000 0.0412315801
59117.0 18.2842922000 0.0406376496
59118.0 18.2839088000 0.0406262912
59126.0 18.3776512000 0.0435244404
59128.0 18.3935452000 0.0440392643
59130.0 18.2285461000 0.0390216410
59134.0 18.2180901000 0.0387271903
59136.0 18.2473354000 0.0395576060
59138.0 18.2395058000 0.0393332019
59140.0 18.2237740000 0.0388869233
59144.0 18.1278248000 0.0362947099
59152.0 18.2722168000 0.0402809493
59154.0 18.2354908000 0.0392187238
59158.0 18.2510471000 0.0396644995
59165.0 18.2958679000 0.0409831554
59167.0 18.2225189000 0.0388515815
59169.0 18.1739197000 0.0375126600
59171.0 18.2765312000 0.0404079668
59179.0 18.3294029000 0.0420036986
59181.0 18.1666679000 0.0373177454
59183.0 18.2887993000 0.0407717638
59185.0 18.2147789000 0.0386344902
59189.0 18.2250767000 0.0389236547
59194.0 18.1753864500 0.0265717853
59195.0 18.1798325000 0.0376725160
59198.0 18.2789192000 0.0404784717
59199.0 18.2289486000 0.0390330479
59200.0 18.3582573000 0.0429056436
59202.0 18.3007793000 0.0411307849
59211.0 18.1994648000 0.0382093154
59216.0 18.3013268000 0.0411472693
59218.0 18.1823654000 0.0377412587
59220.0 18.2687187000 0.0401782840
59227.0 18.2736645000 0.0403235070
59229.0 18.0514717000 0.0343840867
59248.0 18.2408683800 0.0176453871
59392.0 18.1297436000 0.0363444090
59397.0 18.2984581000 0.0410609022
59400.0 18.2412376000 0.0393826738
59404.0 18.2536869000 0.0397407673
59406.0 18.2744331000 0.0403461382
59414.0 18.2298756000 0.0390592702
59426.0 18.3977966000 0.0441781804
59427.0 18.2552967000 0.0397873372
59428.0 18.1889820000 0.0268325760
59429.0 18.3404961000 0.0423477925
59434.0 18.2385273000 0.0393052585
59436.0 18.3402939000 0.0423415154
59439.0 18.2388668000 0.0393149555
59448.0 18.3526907000 0.0302506899
59453.0 18.3284149000 0.0419732034
59454.0 18.2501812000 0.0280430129
59458.0 18.2419262000 0.0278632805
59459.0 18.2399082000 0.0393446758
59460.0 18.2381630000 0.0277883817
59461.0 18.2958336000 0.0409821160
59462.0 18.2513074500 0.0280523492
59464.0 18.2872829000 0.0407265872
59466.0 18.3053665000 0.0412692353
59468.0 18.2539558000 0.0397485197
59470.0 18.2837639000 0.0406219698
59472.0 18.2976227000 0.0410358272
59474.0 18.2895966000 0.0407955423
59479.0 18.3665924000 0.0431703515
59483.0 18.3230934000 0.0418094248
59488.0 18.2878361000 0.0407430567
59497.0 18.2627983000 0.0400052890
59502.0 18.2233734000 0.0388756394
59503.0 18.3050346000 0.0412591770
59509.0 18.2183342000 0.0387340412
59520.0 18.2274132000 0.0389896184
59522.0 18.2419529000 0.0394031480
59524.0 18.3208351000 0.0417401567
59526.0 18.2054501000 0.0383748151
59537.0 18.2887344000 0.0407698452
59540.0 18.1517315000 0.0369201750
59543.0 18.1341438000 0.0364587568
59755.0 18.2723217000 0.0402840339
59765.0 18.2133160000 0.0385936312
59773.0 18.3205862000 0.0295100232
59775.0 18.2823486000 0.0405799970
59785.0 18.2771416000 0.0404259749
59787.0 18.2607517000 0.0399456806
59789.0 18.1934242000 0.0380431674
59796.0 18.2417450000 0.0393972099
59802.0 18.3416100000 0.0423825532
59807.0 18.3434410000 0.0424397215
59810.0 18.2688618000 0.0401824750
59812.0 18.2364769000 0.0392467976
59816.0 18.2145500000 0.0386280939
59818.0 18.1977615000 0.0381623656
59826.0 18.1866245000 0.0378571898
59829.0 18.1835899000 0.0377745368
59849.0 18.2759743000 0.0403915495
59856.0 18.2667103000 0.0401194841
59858.0 18.2933502000 0.0409077182
59862.0 18.2666702000 0.0401183367
59866.0 18.2767906000 0.0404155962
59871.0 18.1844349000 0.0377975367
59877.0 18.2462959000 0.0395277217
59879.0 18.2253056000 0.0389301106
59881.0 18.2289047000 0.0390317962
59883.0 18.1652641000 0.0372801498
59889.0 18.1990089000 0.0381967202
59894.0 18.1792755000 0.0376574323
59896.0 18.2235031000 0.0388793014
59897.0 18.1945763000 0.0380747728
59899.0 18.1477203000 0.0368142948
59906.0 18.2241783000 0.0388983153
59909.0 18.0960960000 0.0354848728
59913.0 18.2302303000 0.0390693359
59922.0 18.3010712000 0.0411395468
59924.0 18.2333317000 0.0391572975
59930.0 18.2654400000 0.0400823727
59951.0 18.2351875000 0.0392100736
